-19 -17 -2 -22 12 22 -20 5 2 3 25 13 20 
-14 -7 14 -3 24 10 23 -18 -16 -2 19 0 -19 
13 -13 4 -24 23 8 4 -14 25 -8 14 -9 -22 
13 10 -6 8 5 13 -3 12 0 -7 17 0 4 
-5 18 21 11 -15 15 -11 -15 -24 14 -24 -16 23 
-2 22 17 12 -14 -24 15 0 13 -20 -9 -24 10 
-24 21 -7 24 -17 19 -12 -10 12 -2 -23 15 24 
18 11 -10 13 -23 25 11 -3 3 21 -15 -10 -5 
-19 -10 -23 24 -20 4 1 14 -22 14 -22 5 19 
17 -9 5 12 23 -1 21 16 -14 -4 11 23 11 
11 18 0 2 6 -10 15 13 -23 21 7 -6 5 
-13 0 14 24 21 -19 3 -22 17 -3 2 -5 2 
18 11 12 -5 -12 -17 13 -15 -13 9 -2 20 3 
