9 -13 3 -9 2 24 -11 20 -13 -16 13 14 20 15 -19 17 -15 -9 -19 -19 
-16 5 3 3 -15 18 -17 -2 -16 1 -9 -15 -5 5 -1 -15 -15 -16 0 15 
15 14 -6 -4 18 -21 6 -5 19 -15 -20 3 4 -6 -8 16 -6 -11 -20 22 
7 23 -20 -12 -22 -10 -1 -11 5 8 11 6 0 16 1 2 2 3 -15 -12 
-18 19 -13 14 -8 -9 17 11 6 12 7 0 16 25 -2 -8 10 -16 12 15 
23 -10 0 -14 -18 3 6 17 19 -14 -4 -3 21 -12 -1 7 6 5 24 21 
-1 24 18 4 -20 3 -17 -17 -9 -7 7 -14 -12 -3 7 10 14 10 -20 -14 
13 4 -10 -18 19 3 -15 -2 8 0 -18 23 16 24 -11 -1 5 -10 1 3 
-13 -20 -2 -13 15 -1 8 -9 -20 18 -7 -2 11 8 6 -9 13 14 -9 -19 
-10 6 6 -8 1 25 21 23 22 7 -24 -13 18 -9 -4 -17 21 -9 -6 4 
-18 2 15 -16 5 -15 10 -12 -8 16 -8 12 12 18 -3 8 -8 -6 -1 1 
22 -16 21 -5 4 25 -19 2 17 -12 8 6 -10 -8 -8 23 4 25 -19 7 
-8 0 14 -9 14 -13 -18 -12 18 22 18 -2 21 -18 0 20 19 -16 25 24 
20 -18 7 17 1 -18 15 12 -3 7 25 6 18 -9 23 3 25 -14 -16 15 
-24 -3 22 -1 23 -14 -21 4 12 19 -16 -13 -23 9 23 13 19 25 -23 0 
25 -3 -4 -8 13 10 13 -9 -8 -15 -10 -1 8 -8 -2 1 7 3 15 14 
-3 4 -2 0 0 -19 -8 -15 -16 17 17 -18 25 0 22 1 5 1 -24 20 
24 -16 -13 -23 -9 19 -5 15 18 -14 -13 -15 -12 9 9 -15 7 23 0 3 
23 12 -3 7 -23 -7 6 3 2 9 13 18 -3 14 10 -1 -5 -12 -6 23 
24 0 -3 18 17 -4 -10 0 -7 -10 -14 2 16 -16 -24 1 17 -6 -18 4 
