-24 -13 -24 -3 -7 -8 8 -21 10 1 -24 -3 -6 -19 -7 24 0 9 20 -18 8 5 16 17 -14 10 -7 24 -4 -15 -10 -16 20 16 23 -11 -5 8 -11 19 -10 17 14 13 -5 2 11 24 -1 10 
-7 -11 0 -14 -24 -4 12 5 -13 12 -7 16 -8 -5 24 -19 24 -1 -10 -16 -23 16 -5 -6 4 -13 14 -19 14 -12 -8 -21 -21 3 -4 20 7 -19 9 22 19 0 0 13 -6 24 7 24 25 -8 
-8 4 3 17 -12 -5 -18 9 -23 -7 2 14 -22 -11 -13 -12 25 19 23 -23 -10 -3 -5 -8 -4 -19 7 -10 -23 9 8 -2 19 0 -22 0 13 16 -1 20 10 18 0 17 1 18 13 0 25 -11 
16 -13 7 -8 15 17 11 -13 -7 -24 -1 14 -4 6 1 23 -10 -14 17 7 -18 -21 4 -6 7 17 -16 -7 0 3 -8 9 16 -18 -13 21 -10 5 -5 -23 24 -9 -18 22 20 -19 -19 -21 -22 12 
-11 -9 6 10 18 -22 -23 -1 10 -17 9 -19 -1 -23 15 -22 17 -21 11 -14 25 -7 12 20 -22 -10 -3 -17 -5 -16 10 -23 5 6 18 1 9 -21 -9 19 -16 -16 10 17 25 15 7 -12 7 -13 
-3 -3 -3 5 0 7 -16 14 20 6 2 21 -22 -19 1 8 -11 20 23 -5 11 -1 -7 -17 24 -8 1 -9 -20 21 8 0 -19 5 19 16 6 -22 19 24 13 -19 -10 21 -2 0 -13 -15 12 -8 
-8 19 -13 0 -17 8 -20 -15 8 -7 -16 10 -13 -20 -12 -9 15 13 2 0 7 25 -2 -21 -24 -3 -17 4 -14 -20 -18 -12 1 1 23 -8 4 -16 -3 -4 -3 -19 1 -11 -24 -22 0 -7 -1 -5 
25 -19 24 10 18 -4 -11 -8 19 1 -10 -15 19 -20 13 -16 16 8 8 -5 7 21 17 -11 -14 -15 -24 -24 -1 19 3 1 -22 4 3 -10 -13 -21 0 -2 11 -18 14 -11 14 3 6 -16 -1 -16 
19 16 16 0 11 -6 5 -18 -24 -1 13 15 -20 17 25 2 11 16 -15 -16 19 23 -12 -12 -22 -6 -9 -14 -20 0 -1 -9 4 7 -1 19 13 -2 12 -14 -16 -19 -13 0 1 24 11 12 -19 -7 
-19 -16 13 -14 14 -14 -11 -9 16 -13 10 -21 7 -6 21 17 -18 -20 24 22 10 10 16 5 0 11 -16 -23 -13 -19 5 -20 4 -8 21 13 -21 6 -10 -1 -10 -1 -13 -6 16 17 16 -2 -24 -19 
-19 13 -6 13 12 -8 3 12 18 -13 -5 -7 1 18 -5 0 -8 0 -16 -6 -21 17 -15 12 -9 -19 12 24 -8 -12 21 7 8 10 -3 16 -6 7 -18 16 19 20 -23 -1 -23 17 -4 -20 -14 -14 
-4 18 25 -12 5 -4 4 -1 -18 5 -17 4 -2 -9 15 -22 1 11 1 -9 0 19 25 4 -14 21 16 1 -20 -12 -19 -2 20 7 11 -24 2 -16 19 -11 -13 -10 0 -5 0 25 18 -1 17 2 
-14 -22 -4 -5 -24 2 12 8 -21 22 22 0 -2 -8 -23 -23 -16 2 13 -21 17 5 -4 2 -24 7 18 -4 13 -16 11 -4 14 2 0 2 -8 -3 -24 8 4 -18 -10 -14 -13 19 -3 -13 10 3 
-3 17 5 9 -21 -1 -11 19 -11 -24 -22 -17 13 8 -11 3 0 11 16 -14 25 7 -11 16 2 21 22 4 20 2 8 -13 -5 -5 16 15 17 4 -15 -22 1 -20 13 -23 21 -14 -24 -6 0 -18 
-23 -5 3 23 14 0 -8 -10 16 -21 22 22 -17 14 3 10 -22 10 23 22 19 9 -24 -20 22 11 -21 -13 3 -7 -5 11 5 -6 -24 17 -1 0 -18 10 -9 -19 -13 12 21 -10 -1 13 -16 -15 
24 -9 11 -19 -10 -9 -19 7 11 25 13 23 3 -5 18 -13 17 18 0 5 -18 -23 14 21 4 12 12 6 -15 23 -17 19 6 24 5 -17 -17 7 -15 -16 23 -20 -19 19 -21 -5 11 8 17 7 
-3 8 -13 3 -2 6 23 -6 13 18 1 3 -16 -12 -24 -5 3 24 13 16 1 -18 10 11 -4 -5 15 23 19 -22 -8 13 11 5 -2 -12 5 24 17 -9 -5 10 -9 4 14 -24 -20 -9 3 -21 
-22 8 -13 13 -15 -3 5 -21 23 -8 -15 -22 10 25 16 8 -3 -14 -19 -2 20 -17 -17 -11 -20 11 2 8 -15 -18 0 12 3 12 16 13 9 21 22 8 18 17 -9 -16 -12 13 -15 15 -13 -4 
-20 -5 11 1 -22 -12 25 15 9 -14 -23 0 2 6 -11 -13 -24 14 -1 -12 -12 -10 24 -5 4 13 -14 17 18 0 2 14 18 5 -21 -10 24 -24 18 -14 -13 -4 20 -22 12 0 14 -24 15 22 
-24 -13 9 14 -18 -22 -14 -14 23 -8 -22 10 16 -11 -15 -22 -20 -22 1 -10 5 11 -16 19 24 5 13 0 17 -21 16 14 4 25 0 -5 -22 -21 10 -7 9 13 -18 24 25 -1 11 17 25 24 
20 18 22 3 -18 16 -20 -6 22 -9 -24 -22 22 -7 17 24 -15 10 -21 25 -4 -17 -21 12 14 -21 -13 -8 12 0 21 15 -13 4 -18 11 23 12 5 7 7 18 5 -19 -23 2 18 25 19 11 
-14 -19 0 10 -3 -3 -3 5 -23 -22 -22 3 23 -22 -23 14 -12 -1 21 3 1 2 13 -15 17 -18 -16 17 -5 9 21 -5 -4 -18 -18 -7 19 8 19 24 0 -1 -11 -19 5 3 23 7 -2 -17 
20 22 -24 -16 4 -2 -4 23 21 -21 -11 -22 13 -17 -24 -22 13 -19 25 -19 -5 10 -24 -7 -12 25 -10 -8 14 -20 11 -12 18 12 -24 16 14 -9 -23 -22 16 6 -12 1 -21 20 1 -3 19 0 
1 10 8 14 22 -7 14 23 -12 -4 8 16 7 10 13 25 -20 12 13 1 0 -3 -5 10 18 22 -19 -18 10 10 18 -10 0 -8 -3 -2 12 15 5 -16 6 -9 6 -2 6 -4 0 17 13 13 
-13 17 15 5 -19 -20 9 25 -7 -6 9 22 -18 16 -4 18 -22 -17 -8 -21 2 24 18 -7 -10 -11 -14 -22 -19 20 10 0 22 24 8 -19 16 25 20 22 -8 12 4 10 6 -5 19 -12 -2 15 
7 25 -23 20 -12 5 20 17 15 -17 0 16 4 10 15 -20 -17 -23 -13 -20 20 -7 13 -24 -11 -11 -11 22 -8 -19 -7 -16 -6 6 15 20 14 14 0 -20 -4 -8 24 -21 22 11 -17 -9 8 21 
16 25 -10 -5 23 8 -11 -23 -20 -24 -17 -9 7 8 -17 -15 18 19 -10 2 1 6 22 22 -2 -20 -11 -2 -6 2 -20 13 20 14 -13 -18 -6 -11 -17 -16 -15 23 18 24 -21 -10 15 -4 8 -5 
15 -23 -2 -13 0 11 6 0 1 -10 4 9 -6 2 24 25 13 -14 1 -13 22 5 -12 -8 13 10 -14 18 23 18 7 9 -20 5 18 7 24 25 3 8 13 6 17 16 25 10 -10 9 4 12 
-20 8 21 -20 -17 3 5 24 6 -2 15 17 16 22 5 21 6 4 -23 19 -1 5 -23 -11 -8 23 -18 -21 10 15 -18 -3 -10 0 8 12 19 25 13 21 -12 -19 -13 -13 19 15 -2 -20 -1 -19 
-15 18 4 25 2 -8 22 13 13 22 11 15 7 23 0 25 -15 6 6 23 -2 -15 -16 23 -16 16 -9 -22 20 -10 4 -23 -15 4 10 -1 -19 -5 -19 10 -21 -2 21 5 11 8 -23 -11 6 10 
-11 -12 -13 -11 -1 -15 -23 13 19 10 17 0 16 15 7 21 -3 -15 16 6 19 -3 -13 -15 -1 4 -21 -2 0 -10 17 -22 23 21 20 16 -4 11 9 -10 -7 -17 14 0 12 -2 23 -14 -15 10 
20 7 -17 -11 -9 -22 24 -21 -1 15 20 -23 0 -12 -22 25 -3 -2 23 15 -2 12 -1 14 16 -17 -13 23 -6 20 -22 23 20 -22 -10 -15 -4 -6 4 22 23 -8 -7 18 -7 25 -12 19 -8 8 
-9 -20 -6 12 -19 8 -21 23 -17 11 -1 -12 -15 4 -18 13 20 14 -13 -14 -10 -3 -8 -8 25 -18 7 -18 24 8 -18 -22 25 13 22 14 15 1 -14 11 -2 -5 10 -2 -13 5 -7 -16 20 9 
10 -20 5 -8 21 9 -18 -11 25 14 -21 19 -13 11 21 -23 12 16 -3 -21 -3 10 -10 16 -8 18 -17 -22 5 16 16 -17 20 12 -12 -7 0 -24 -2 10 -6 10 7 -3 21 -22 17 21 8 -6 
-17 -4 -4 13 5 -1 2 6 -11 -17 -3 -18 -6 20 -11 -12 -5 13 3 -20 13 -1 -11 -21 -11 11 5 6 -19 -20 -19 11 9 19 15 21 17 15 16 -5 0 9 -10 6 -15 -16 -18 -2 18 -16 
12 -3 20 12 -8 -8 -7 -17 -3 -3 0 -13 9 -5 9 24 10 -16 20 -15 5 -2 19 -7 -13 -18 -24 -17 -11 0 18 16 5 -16 10 14 -24 -5 14 16 -22 -10 -1 -4 19 18 1 10 5 -3 
-1 18 -16 23 -5 15 14 -3 19 0 24 10 9 14 4 -7 0 -20 10 -23 16 -5 9 6 0 16 -11 6 -13 21 -2 16 -3 -15 13 -1 20 5 -21 -24 9 -15 -16 12 18 10 -12 -20 9 19 
16 6 -8 -6 -10 -7 21 15 14 -9 8 -11 -23 -13 6 -10 23 18 2 1 -5 -10 -21 9 19 22 0 8 11 -2 4 4 0 24 -23 0 -10 -20 9 23 -13 -8 -22 -23 1 -24 19 13 -10 -13 
-18 -17 10 14 -3 -15 23 17 17 -11 -2 -19 5 21 -14 3 -10 -5 -13 10 8 12 -14 -4 7 0 -5 -21 -12 8 -13 -11 25 10 5 13 -17 -11 25 -15 -19 -23 -15 11 1 21 18 22 22 4 
18 18 24 -20 -18 12 9 -9 -3 -21 0 20 -16 16 25 -23 4 -20 -8 12 0 22 7 -23 -16 -19 -15 -1 25 -3 -2 7 -5 -20 15 -2 0 -15 7 -3 -12 24 11 9 21 7 17 -24 -11 -11 
-4 11 -2 7 -16 13 9 -21 -5 16 -8 24 -9 6 -19 25 -16 22 3 8 7 21 10 16 5 -7 -9 -2 0 -22 -12 16 -7 24 16 -19 -4 -12 9 -17 19 5 1 -3 12 13 -19 6 -12 18 
-18 -24 -13 -6 18 11 -4 -6 -23 -12 -20 23 19 14 18 1 9 -17 21 -2 19 17 17 24 -18 17 1 -5 -9 -12 11 -2 2 20 -11 -11 -20 -18 6 6 19 20 18 23 0 5 25 0 -10 18 
-15 18 18 23 0 24 23 -12 -18 -14 16 -12 0 11 -20 -22 -15 18 -5 -5 7 24 -24 16 -3 24 17 -13 23 -14 7 14 24 -3 8 -11 21 -16 -2 2 -14 5 -3 -3 2 18 5 16 -2 -22 
23 -1 13 -24 7 -18 -7 -9 11 -6 -17 0 -22 8 18 7 -4 -2 -16 10 3 7 -13 -5 -4 -8 -12 3 -16 16 -12 11 -18 24 -3 -20 21 21 20 -7 19 -19 0 -7 -17 -11 -19 19 -5 -19 
11 -13 10 22 -11 16 2 -22 10 14 -10 24 -1 -14 -3 -2 12 7 -20 15 -21 8 -15 15 20 11 -18 0 16 -19 -14 -8 25 1 25 20 -12 7 -3 -16 -3 13 -17 11 20 -21 21 15 -16 8 
16 7 18 -8 -20 25 -13 6 -18 9 -20 12 -10 -17 -10 -22 17 -18 -5 7 25 20 -8 -18 -12 0 10 -22 14 -12 6 0 19 11 14 0 -11 22 -13 1 21 -8 16 9 4 5 17 17 4 -4 
11 -12 -7 3 16 2 -17 2 -18 -5 -11 -18 4 23 25 24 7 -17 0 -22 19 19 19 18 -6 17 4 10 -10 10 6 -16 -22 2 14 -6 -10 -13 6 13 0 -12 9 -9 8 0 -24 1 3 -12 
17 12 20 23 -13 13 11 4 1 -24 -16 6 5 -15 -16 -1 24 -10 16 -20 21 -22 -10 1 14 6 -8 11 -13 0 -9 25 -21 3 7 -23 -4 23 19 17 18 -17 21 -4 21 -2 -16 -19 12 -12 
-23 16 -7 14 17 15 -3 12 22 -7 -18 -22 12 -3 -5 0 -19 9 14 -3 -10 23 -23 11 16 4 1 -4 -19 5 4 8 -8 -2 -21 -1 15 10 -6 25 21 -21 -17 12 4 -17 -15 1 -14 -10 
7 25 19 -7 -5 -1 2 4 21 -10 22 20 20 -23 -8 -22 -10 17 -11 -14 -8 19 -10 19 18 24 1 2 -2 0 -5 -20 -6 3 24 19 -3 10 10 -18 -5 21 6 -23 -13 -22 0 10 -3 25 
